Version 0.9.7
6
 4 10 175 77 128 0 1
 5 80 400 206 81 2 2
 0 110 110 877 276 8 3
 3 367 41 203 58 142 4
 2 623 19 206 81 151 5
 1 128 21 206 81 161 6
 0
24
 16711680 5 137 280 137 280 137 280 150 280 150 280 150 280 0 3 0 3
 16711680 5 189 280 189 280 189 280 176 280 176 280 176 280 0 3 0 3
 16711680 5 202 280 202 279 193 279 193 215 189 215 189 215 0 3 0 3
 16711680 5 163 280 163 280 163 261 267 261 267 280 267 280 0 3 0 3
 16711680 5 202 215 202 215 202 248 293 248 293 280 293 280 0 3 0 3
 16711680 5 254 215 254 215 254 238 279 238 279 280 280 280 0 3 0 3
 16711680 5 202 293 202 293 202 298 254 298 254 280 254 280 0 3 0 3
 16711680 5 163 293 163 293 163 311 241 311 241 280 241 280 0 3 0 3
 16711680 5 306 280 306 280 306 280 306 215 306 215 306 215 0 3 0 3
 16711680 5 267 215 267 215 267 198 293 198 293 215 293 215 0 3 0 3
 16711680 5 215 215 215 215 215 190 280 190 280 215 280 215 0 3 0 3
 16711680 5 319 215 319 215 319 173 413 173 413 85 413 85 0 3 0 4
 16711680 5 143 32 143 32 59 32 59 189 71 189 71 189 0 6 0 1
 16711680 5 71 249 71 249 143 249 143 249 143 90 143 90 0 1 0 6
 16711680 5 137 215 137 215 137 198 241 198 241 215 241 215 0 3 0 3
 16711680 5 137 202 137 202 137 202 137 202 71 202 71 202 0 3 0 1
 16711680 5 215 280 215 280 215 310 319 310 319 280 319 280 0 3 0 3
 16711680 5 215 306 215 306 71 306 71 306 71 288 71 288 0 3 0 1
 16711680 5 150 293 109 293 109 26 317 26 317 58 317 58 0 3 0 6
 16711680 5 189 293 189 293 126 293 126 45 298 45 298 58 0 3 0 6
 16711680 5 163 215 163 215 163 34 279 34 279 58 279 58 0 3 0 6
 16711680 5 202 202 202 202 202 58 202 58 260 58 260 58 0 3 0 6
 16711680 5 378 78 378 78 71 78 71 78 71 262 71 262 0 4 0 1
 16711680 5 280 293 280 293 280 202 280 202 163 202 163 202 0 3 0 3
4
 7000 1 14 131 228 5 0 0 10528 3
 7010 1 14 235 228 5 0 0 10528 3
 7000 1 14 20 50 5 0 0 10528 0
 7010 1 14 20 50 5 0 0 10528 0
